1.30	2.21	0.88	999999	0.78	1.35	-0.38	999999	1.04	1.67	0.25	999999	1.22	1.65	0.16	999999	2.04	2.67	1.25	999999	1.78	2.35	0.62	999999
1.69	2.38	999999	1.39	1.58	2.12	999999	1.62	1.52	2.03	999999	1.04	1.65	2.66	999999	1.37	2.52	3.03	999999	2.04	2.58	3.12	999999	2.62
0.44	999999	0.31	999999	-0.24	999999	-1.24	999999	0.05	999999	-0.24	999999	0.16	999999	-0.26	999999	1.05	999999	0.76	999999	0.76	999999	-0.24	999999
999999	1.70	999999	1.37	999999	1.35	999999	1.14	999999	1.35	999999	0.57	999999	1.37	999999	1.38	999999	2.35	999999	1.57	999999	2.35	999999	2.14
1.12	2.08	0.77	999999	0.60	1.22	-0.49	999999	0.86	1.54	0.14	999999	1.04	1.52	0.05	999999	1.86	2.54	1.14	999999	1.60	2.22	0.51	999999
1.71	1.75	999999	1.37	1.60	1.49	999999	1.60	1.54	1.40	999999	1.02	1.67	2.03	999999	1.35	2.54	2.40	999999	2.02	2.60	2.49	999999	2.60
0.53	999999	0.33	999999	-0.14	999999	-1.22	999999	0.14	999999	-0.22	999999	0.25	999999	-0.24	999999	1.14	999999	0.78	999999	0.86	999999	-0.22	999999
999999	1.37	999999	0.56	999999	1.02	999999	0.33	999999	1.02	999999	-0.24	999999	1.04	999999	0.57	999999	2.02	999999	0.76	999999	2.02	999999	1.33
0.86	2.14	0.49	999999	0.34	1.28	-0.78	999999	0.60	1.60	-0.14	999999	0.78	1.58	-0.24	999999	1.60	2.60	0.86	999999	1.34	2.28	0.22	999999
1.39	1.84	999999	1.37	1.28	1.58	999999	1.60	1.22	1.49	999999	1.02	1.35	2.12	999999	1.35	2.22	2.49	999999	2.02	2.28	2.58	999999	2.60
-0.10	999999	-0.67	999999	-0.78	999999	-2.22	999999	-0.49	999999	-1.22	999999	-0.38	999999	-1.24	999999	0.51	999999	-0.22	999999	0.22	999999	-1.22	999999
999999	1.95	999999	1.13	999999	1.60	999999	0.90	999999	1.60	999999	0.33	999999	1.62	999999	1.14	999999	2.60	999999	1.33	999999	2.60	999999	1.90
1.38	2.25	1.16	999999	0.86	1.39	-0.10	999999	1.12	1.71	0.53	999999	1.30	1.69	0.44	999999	2.12	2.71	1.53	999999	1.86	2.39	0.90	999999
2.25	2.05	999999	1.72	2.14	1.84	999999	1.95	2.08	1.75	999999	1.37	2.21	2.38	999999	1.70	3.08	2.75	999999	2.37	3.14	2.84	999999	2.95
1.16	999999	0.88	999999	0.49	999999	-0.67	999999	0.77	999999	0.33	999999	0.88	999999	0.31	999999	1.77	999999	1.33	999999	1.49	999999	0.33	999999
999999	1.72	999999	1.36	999999	1.37	999999	1.13	999999	1.37	999999	0.56	999999	1.39	999999	1.37	999999	2.37	999999	1.56	999999	2.37	999999	2.13
1.86	3.14	1.49	999999	1.34	2.28	0.22	999999	1.60	2.60	0.86	999999	1.78	2.58	0.76	999999	999999	999999	999999	999999	999999	999999	999999	999999
2.39	2.84	999999	2.37	2.28	2.58	999999	2.60	2.22	2.49	999999	2.02	2.35	3.12	999999	2.35	999999	999999	999999	999999	999999	999999	999999	999999
0.90	999999	0.33	999999	0.22	999999	-1.22	999999	0.51	999999	-0.22	999999	0.62	999999	-0.24	999999	999999	999999	999999	999999	999999	999999	999999	999999
999999	2.95	999999	2.13	999999	2.60	999999	1.90	999999	2.60	999999	1.33	999999	2.62	999999	2.14	999999	999999	999999	999999	999999	999999	999999	999999
2.12	3.08	1.77	999999	1.60	2.22	0.51	999999	1.86	2.54	1.14	999999	2.04	2.52	1.05	999999	999999	999999	999999	999999	999999	999999	999999	999999
2.71	2.75	999999	2.37	2.60	2.49	999999	2.60	2.54	2.40	999999	2.02	2.67	3.03	999999	2.35	999999	999999	999999	999999	999999	999999	999999	999999
1.53	999999	1.33	999999	0.86	999999	-0.22	999999	1.14	999999	0.78	999999	1.25	999999	0.76	999999	999999	999999	999999	999999	999999	999999	999999	999999
999999	2.37	999999	1.56	999999	2.02	999999	1.33	999999	2.02	999999	0.76	999999	2.04	999999	1.57	999999	999999	999999	999999	999999	999999	999999	999999
