1.80	1.90	1.80	999999	1.90	2.10	999999	2.00	1.80	999999	1.80	999999	999999	2.00	999999	1.80
2.00	2.10	2.00	999999	2.10	2.30	999999	2.20	2.00	999999	2.00	999999	999999	2.20	999999	2.00
1.90	2.00	1.90	999999	2.00	2.20	999999	2.10	1.90	999999	1.90	999999	999999	2.10	999999	1.90
999999	999999	999999	999999	999999	999999	999999	999999	999999	999999	999999	999999	999999	999999	999999	999999
2.00	2.10	2.00	999999	2.10	2.30	999999	2.20	2.00	999999	2.00	999999	999999	2.20	999999	2.00
2.20	2.30	2.20	999999	2.30	2.50	999999	2.40	2.20	999999	2.20	999999	999999	2.40	999999	2.20
999999	999999	999999	999999	999999	999999	999999	999999	999999	999999	999999	999999	999999	999999	999999	999999
2.10	2.20	2.10	999999	2.20	2.40	999999	2.30	2.10	999999	2.10	999999	999999	2.30	999999	2.10
1.90	2.00	1.90	999999	2.00	2.20	999999	2.10	1.90	999999	1.90	999999	999999	2.10	999999	1.90
999999	999999	999999	999999	999999	999999	999999	999999	999999	999999	999999	999999	999999	999999	999999	999999
1.90	2.00	1.90	999999	2.00	2.20	999999	2.10	1.90	999999	1.90	999999	999999	2.10	999999	1.90
999999	999999	999999	999999	999999	999999	999999	999999	999999	999999	999999	999999	999999	999999	999999	999999
999999	999999	999999	999999	999999	999999	999999	999999	999999	999999	999999	999999	999999	999999	999999	999999
2.10	2.20	2.10	999999	2.20	2.40	999999	2.30	2.10	999999	2.10	999999	999999	2.30	999999	2.10
999999	999999	999999	999999	999999	999999	999999	999999	999999	999999	999999	999999	999999	999999	999999	999999
1.90	2.00	1.90	999999	2.00	2.20	999999	2.10	1.90	999999	1.90	999999	999999	2.10	999999	1.90
1.30	1.60	1.40	999999	1.60	1.80	999999	1.70	1.40	999999	1.40	999999	999999	1.70	999999	1.50
1.50	1.80	1.60	999999	1.80	2.00	999999	1.90	1.60	999999	1.60	999999	999999	1.90	999999	1.70
1.40	1.70	1.50	999999	1.70	1.90	999999	1.80	1.50	999999	1.50	999999	999999	1.80	999999	1.60
999999	999999	999999	999999	999999	999999	999999	999999	999999	999999	999999	999999	999999	999999	999999	999999
1.50	1.80	1.60	999999	1.80	2.00	999999	1.90	1.60	999999	1.60	999999	999999	1.90	999999	1.70
1.70	2.00	1.80	999999	2.00	2.20	999999	2.10	1.80	999999	1.80	999999	999999	2.10	999999	1.90
999999	999999	999999	999999	999999	999999	999999	999999	999999	999999	999999	999999	999999	999999	999999	999999
1.60	1.90	1.70	999999	1.90	2.10	999999	2.00	1.70	999999	1.70	999999	999999	2.00	999999	1.80
1.40	1.70	1.50	999999	1.70	1.90	999999	1.80	1.50	999999	1.50	999999	999999	1.80	999999	1.60
999999	999999	999999	999999	999999	999999	999999	999999	999999	999999	999999	999999	999999	999999	999999	999999
1.40	1.70	1.50	999999	1.70	1.90	999999	1.80	1.50	999999	1.50	999999	999999	1.80	999999	1.60
999999	999999	999999	999999	999999	999999	999999	999999	999999	999999	999999	999999	999999	999999	999999	999999
999999	999999	999999	999999	999999	999999	999999	999999	999999	999999	999999	999999	999999	999999	999999	999999
1.60	1.90	1.70	999999	1.90	2.10	999999	2.00	1.70	999999	1.70	999999	999999	2.00	999999	1.80
999999	999999	999999	999999	999999	999999	999999	999999	999999	999999	999999	999999	999999	999999	999999	999999
1.40	1.70	1.50	999999	1.70	1.90	999999	1.80	1.50	999999	1.50	999999	999999	1.80	999999	1.60
1.40	1.70	1.50	999999	1.70	1.90	999999	1.70	1.50	999999	1.50	999999	999999	1.70	999999	1.50
1.60	1.90	1.70	999999	1.90	2.10	999999	1.90	1.70	999999	1.70	999999	999999	1.90	999999	1.70
1.50	1.80	1.60	999999	1.80	2.00	999999	1.80	1.60	999999	1.60	999999	999999	1.80	999999	1.60
999999	999999	999999	999999	999999	999999	999999	999999	999999	999999	999999	999999	999999	999999	999999	999999
1.60	1.90	1.70	999999	1.90	2.10	999999	1.90	1.70	999999	1.70	999999	999999	1.90	999999	1.70
1.80	2.10	1.90	999999	2.10	2.30	999999	2.10	1.90	999999	1.90	999999	999999	2.10	999999	1.90
999999	999999	999999	999999	999999	999999	999999	999999	999999	999999	999999	999999	999999	999999	999999	999999
1.70	2.00	1.80	999999	2.00	2.20	999999	2.00	1.80	999999	1.80	999999	999999	2.00	999999	1.80
1.50	1.80	1.60	999999	1.80	2.00	999999	1.80	1.60	999999	1.60	999999	999999	1.80	999999	1.60
999999	999999	999999	999999	999999	999999	999999	999999	999999	999999	999999	999999	999999	999999	999999	999999
1.50	1.80	1.60	999999	1.80	2.00	999999	1.80	1.60	999999	1.60	999999	999999	1.80	999999	1.60
999999	999999	999999	999999	999999	999999	999999	999999	999999	999999	999999	999999	999999	999999	999999	999999
999999	999999	999999	999999	999999	999999	999999	999999	999999	999999	999999	999999	999999	999999	999999	999999
1.70	2.00	1.80	999999	2.00	2.20	999999	2.00	1.80	999999	1.80	999999	999999	2.00	999999	1.80
999999	999999	999999	999999	999999	999999	999999	999999	999999	999999	999999	999999	999999	999999	999999	999999
1.50	1.80	1.60	999999	1.80	2.00	999999	1.80	1.60	999999	1.60	999999	999999	1.80	999999	1.60
1.70	1.90	1.80	999999	1.90	2.10	999999	2.00	1.80	999999	1.80	999999	999999	2.00	999999	1.80
1.90	2.10	2.00	999999	2.10	2.30	999999	2.20	2.00	999999	2.00	999999	999999	2.20	999999	2.00
1.80	2.00	1.90	999999	2.00	2.20	999999	2.10	1.90	999999	1.90	999999	999999	2.10	999999	1.90
999999	999999	999999	999999	999999	999999	999999	999999	999999	999999	999999	999999	999999	999999	999999	999999
1.90	2.10	2.00	999999	2.10	2.30	999999	2.20	2.00	999999	2.00	999999	999999	2.20	999999	2.00
2.10	2.30	2.20	999999	2.30	2.50	999999	2.40	2.20	999999	2.20	999999	999999	2.40	999999	2.20
999999	999999	999999	999999	999999	999999	999999	999999	999999	999999	999999	999999	999999	999999	999999	999999
2.00	2.20	2.10	999999	2.20	2.40	999999	2.30	2.10	999999	2.10	999999	999999	2.30	999999	2.10
1.80	2.00	1.90	999999	2.00	2.20	999999	2.10	1.90	999999	1.90	999999	999999	2.10	999999	1.90
999999	999999	999999	999999	999999	999999	999999	999999	999999	999999	999999	999999	999999	999999	999999	999999
1.80	2.00	1.90	999999	2.00	2.20	999999	2.10	1.90	999999	1.90	999999	999999	2.10	999999	1.90
999999	999999	999999	999999	999999	999999	999999	999999	999999	999999	999999	999999	999999	999999	999999	999999
999999	999999	999999	999999	999999	999999	999999	999999	999999	999999	999999	999999	999999	999999	999999	999999
2.00	2.20	2.10	999999	2.20	2.40	999999	2.30	2.10	999999	2.10	999999	999999	2.30	999999	2.10
999999	999999	999999	999999	999999	999999	999999	999999	999999	999999	999999	999999	999999	999999	999999	999999
1.80	2.00	1.90	999999	2.00	2.20	999999	2.10	1.90	999999	1.90	999999	999999	2.10	999999	1.90
1.90	2.20	1.90	999999	2.20	2.20	999999	2.20	1.90	999999	1.90	999999	999999	2.20	999999	2.20
2.10	2.40	2.10	999999	2.40	2.40	999999	2.40	2.10	999999	2.10	999999	999999	2.40	999999	2.40
2.00	2.30	2.00	999999	2.30	2.30	999999	2.30	2.00	999999	2.00	999999	999999	2.30	999999	2.30
999999	999999	999999	999999	999999	999999	999999	999999	999999	999999	999999	999999	999999	999999	999999	999999
2.10	2.40	2.10	999999	2.40	2.40	999999	2.40	2.10	999999	2.10	999999	999999	2.40	999999	2.40
2.30	2.60	2.30	999999	2.60	2.60	999999	2.60	2.30	999999	2.30	999999	999999	2.60	999999	2.60
999999	999999	999999	999999	999999	999999	999999	999999	999999	999999	999999	999999	999999	999999	999999	999999
2.20	2.50	2.20	999999	2.50	2.50	999999	2.50	2.20	999999	2.20	999999	999999	2.50	999999	2.50
2.00	2.30	2.00	999999	2.30	2.30	999999	2.30	2.00	999999	2.00	999999	999999	2.30	999999	2.30
999999	999999	999999	999999	999999	999999	999999	999999	999999	999999	999999	999999	999999	999999	999999	999999
2.00	2.30	2.00	999999	2.30	2.30	999999	2.30	2.00	999999	2.00	999999	999999	2.30	999999	2.30
999999	999999	999999	999999	999999	999999	999999	999999	999999	999999	999999	999999	999999	999999	999999	999999
999999	999999	999999	999999	999999	999999	999999	999999	999999	999999	999999	999999	999999	999999	999999	999999
2.20	2.50	2.20	999999	2.50	2.50	999999	2.50	2.20	999999	2.20	999999	999999	2.50	999999	2.50
999999	999999	999999	999999	999999	999999	999999	999999	999999	999999	999999	999999	999999	999999	999999	999999
2.00	2.30	2.00	999999	2.30	2.30	999999	2.30	2.00	999999	2.00	999999	999999	2.30	999999	2.30
1.90	2.20	1.90	999999	2.20	2.20	999999	2.20	1.90	999999	1.90	999999	999999	2.20	999999	2.20
2.10	2.40	2.10	999999	2.40	2.40	999999	2.40	2.10	999999	2.10	999999	999999	2.40	999999	2.40
2.00	2.30	2.00	999999	2.30	2.30	999999	2.30	2.00	999999	2.00	999999	999999	2.30	999999	2.30
999999	999999	999999	999999	999999	999999	999999	999999	999999	999999	999999	999999	999999	999999	999999	999999
2.10	2.40	2.10	999999	2.40	2.40	999999	2.40	2.10	999999	2.10	999999	999999	2.40	999999	2.40
2.30	2.60	2.30	999999	2.60	2.60	999999	2.60	2.30	999999	2.30	999999	999999	2.60	999999	2.60
999999	999999	999999	999999	999999	999999	999999	999999	999999	999999	999999	999999	999999	999999	999999	999999
2.20	2.50	2.20	999999	2.50	2.50	999999	2.50	2.20	999999	2.20	999999	999999	2.50	999999	2.50
2.00	2.30	2.00	999999	2.30	2.30	999999	2.30	2.00	999999	2.00	999999	999999	2.30	999999	2.30
999999	999999	999999	999999	999999	999999	999999	999999	999999	999999	999999	999999	999999	999999	999999	999999
2.00	2.30	2.00	999999	2.30	2.30	999999	2.30	2.00	999999	2.00	999999	999999	2.30	999999	2.30
999999	999999	999999	999999	999999	999999	999999	999999	999999	999999	999999	999999	999999	999999	999999	999999
999999	999999	999999	999999	999999	999999	999999	999999	999999	999999	999999	999999	999999	999999	999999	999999
2.20	2.50	2.20	999999	2.50	2.50	999999	2.50	2.20	999999	2.20	999999	999999	2.50	999999	2.50
999999	999999	999999	999999	999999	999999	999999	999999	999999	999999	999999	999999	999999	999999	999999	999999
2.00	2.30	2.00	999999	2.30	2.30	999999	2.30	2.00	999999	2.00	999999	999999	2.30	999999	2.30
1.50	1.60	1.50	999999	1.60	1.80	999999	1.70	1.50	999999	1.50	999999	999999	1.70	999999	1.50
1.80	1.90	1.80	999999	1.90	2.10	999999	2.00	1.80	999999	1.80	999999	999999	2.00	999999	1.80
1.60	1.70	1.60	999999	1.70	1.90	999999	1.80	1.60	999999	1.60	999999	999999	1.80	999999	1.60
999999	999999	999999	999999	999999	999999	999999	999999	999999	999999	999999	999999	999999	999999	999999	999999
1.80	1.90	1.80	999999	1.90	2.10	999999	2.00	1.80	999999	1.80	999999	999999	2.00	999999	1.80
2.00	2.10	2.00	999999	2.10	2.30	999999	2.20	2.00	999999	2.00	999999	999999	2.20	999999	2.00
999999	999999	999999	999999	999999	999999	999999	999999	999999	999999	999999	999999	999999	999999	999999	999999
1.80	1.90	1.80	999999	1.90	2.10	999999	2.00	1.80	999999	1.80	999999	999999	2.00	999999	1.80
1.60	1.70	1.60	999999	1.70	1.90	999999	1.80	1.60	999999	1.60	999999	999999	1.80	999999	1.60
999999	999999	999999	999999	999999	999999	999999	999999	999999	999999	999999	999999	999999	999999	999999	999999
1.60	1.70	1.60	999999	1.70	1.90	999999	1.80	1.60	999999	1.60	999999	999999	1.80	999999	1.60
999999	999999	999999	999999	999999	999999	999999	999999	999999	999999	999999	999999	999999	999999	999999	999999
999999	999999	999999	999999	999999	999999	999999	999999	999999	999999	999999	999999	999999	999999	999999	999999
1.80	1.90	1.80	999999	1.90	2.10	999999	2.00	1.80	999999	1.80	999999	999999	2.00	999999	1.80
999999	999999	999999	999999	999999	999999	999999	999999	999999	999999	999999	999999	999999	999999	999999	999999
1.60	1.70	1.60	999999	1.70	1.90	999999	1.80	1.60	999999	1.60	999999	999999	1.80	999999	1.60
1.00	1.30	1.10	999999	1.30	1.50	999999	1.40	1.10	999999	1.10	999999	999999	1.40	999999	1.20
1.30	1.60	1.40	999999	1.60	1.80	999999	1.70	1.40	999999	1.40	999999	999999	1.70	999999	1.50
1.10	1.40	1.20	999999	1.40	1.60	999999	1.50	1.20	999999	1.20	999999	999999	1.50	999999	1.30
999999	999999	999999	999999	999999	999999	999999	999999	999999	999999	999999	999999	999999	999999	999999	999999
1.30	1.60	1.40	999999	1.60	1.80	999999	1.70	1.40	999999	1.40	999999	999999	1.70	999999	1.50
1.50	1.80	1.60	999999	1.80	2.00	999999	1.90	1.60	999999	1.60	999999	999999	1.90	999999	1.70
999999	999999	999999	999999	999999	999999	999999	999999	999999	999999	999999	999999	999999	999999	999999	999999
1.30	1.60	1.40	999999	1.60	1.80	999999	1.70	1.40	999999	1.40	999999	999999	1.70	999999	1.50
1.10	1.40	1.20	999999	1.40	1.60	999999	1.50	1.20	999999	1.20	999999	999999	1.50	999999	1.30
999999	999999	999999	999999	999999	999999	999999	999999	999999	999999	999999	999999	999999	999999	999999	999999
1.10	1.40	1.20	999999	1.40	1.60	999999	1.50	1.20	999999	1.20	999999	999999	1.50	999999	1.30
999999	999999	999999	999999	999999	999999	999999	999999	999999	999999	999999	999999	999999	999999	999999	999999
999999	999999	999999	999999	999999	999999	999999	999999	999999	999999	999999	999999	999999	999999	999999	999999
1.30	1.60	1.40	999999	1.60	1.80	999999	1.70	1.40	999999	1.40	999999	999999	1.70	999999	1.50
999999	999999	999999	999999	999999	999999	999999	999999	999999	999999	999999	999999	999999	999999	999999	999999
1.10	1.40	1.20	999999	1.40	1.60	999999	1.50	1.20	999999	1.20	999999	999999	1.50	999999	1.30
1.10	1.40	1.20	999999	1.40	1.60	999999	1.40	1.20	999999	1.20	999999	999999	1.40	999999	1.20
1.40	1.70	1.50	999999	1.70	1.90	999999	1.70	1.50	999999	1.50	999999	999999	1.70	999999	1.50
1.20	1.50	1.30	999999	1.50	1.70	999999	1.50	1.30	999999	1.30	999999	999999	1.50	999999	1.30
999999	999999	999999	999999	999999	999999	999999	999999	999999	999999	999999	999999	999999	999999	999999	999999
1.40	1.70	1.50	999999	1.70	1.90	999999	1.70	1.50	999999	1.50	999999	999999	1.70	999999	1.50
1.60	1.90	1.70	999999	1.90	2.10	999999	1.90	1.70	999999	1.70	999999	999999	1.90	999999	1.70
999999	999999	999999	999999	999999	999999	999999	999999	999999	999999	999999	999999	999999	999999	999999	999999
1.40	1.70	1.50	999999	1.70	1.90	999999	1.70	1.50	999999	1.50	999999	999999	1.70	999999	1.50
1.20	1.50	1.30	999999	1.50	1.70	999999	1.50	1.30	999999	1.30	999999	999999	1.50	999999	1.30
999999	999999	999999	999999	999999	999999	999999	999999	999999	999999	999999	999999	999999	999999	999999	999999
1.20	1.50	1.30	999999	1.50	1.70	999999	1.50	1.30	999999	1.30	999999	999999	1.50	999999	1.30
999999	999999	999999	999999	999999	999999	999999	999999	999999	999999	999999	999999	999999	999999	999999	999999
999999	999999	999999	999999	999999	999999	999999	999999	999999	999999	999999	999999	999999	999999	999999	999999
1.40	1.70	1.50	999999	1.70	1.90	999999	1.70	1.50	999999	1.50	999999	999999	1.70	999999	1.50
999999	999999	999999	999999	999999	999999	999999	999999	999999	999999	999999	999999	999999	999999	999999	999999
1.20	1.50	1.30	999999	1.50	1.70	999999	1.50	1.30	999999	1.30	999999	999999	1.50	999999	1.30
1.40	1.60	1.50	999999	1.60	1.80	999999	1.70	1.50	999999	1.50	999999	999999	1.70	999999	1.50
1.70	1.90	1.80	999999	1.90	2.10	999999	2.00	1.80	999999	1.80	999999	999999	2.00	999999	1.80
1.50	1.70	1.60	999999	1.70	1.90	999999	1.80	1.60	999999	1.60	999999	999999	1.80	999999	1.60
999999	999999	999999	999999	999999	999999	999999	999999	999999	999999	999999	999999	999999	999999	999999	999999
1.70	1.90	1.80	999999	1.90	2.10	999999	2.00	1.80	999999	1.80	999999	999999	2.00	999999	1.80
1.90	2.10	2.00	999999	2.10	2.30	999999	2.20	2.00	999999	2.00	999999	999999	2.20	999999	2.00
999999	999999	999999	999999	999999	999999	999999	999999	999999	999999	999999	999999	999999	999999	999999	999999
1.70	1.90	1.80	999999	1.90	2.10	999999	2.00	1.80	999999	1.80	999999	999999	2.00	999999	1.80
1.50	1.70	1.60	999999	1.70	1.90	999999	1.80	1.60	999999	1.60	999999	999999	1.80	999999	1.60
999999	999999	999999	999999	999999	999999	999999	999999	999999	999999	999999	999999	999999	999999	999999	999999
1.50	1.70	1.60	999999	1.70	1.90	999999	1.80	1.60	999999	1.60	999999	999999	1.80	999999	1.60
999999	999999	999999	999999	999999	999999	999999	999999	999999	999999	999999	999999	999999	999999	999999	999999
999999	999999	999999	999999	999999	999999	999999	999999	999999	999999	999999	999999	999999	999999	999999	999999
1.70	1.90	1.80	999999	1.90	2.10	999999	2.00	1.80	999999	1.80	999999	999999	2.00	999999	1.80
999999	999999	999999	999999	999999	999999	999999	999999	999999	999999	999999	999999	999999	999999	999999	999999
1.50	1.70	1.60	999999	1.70	1.90	999999	1.80	1.60	999999	1.60	999999	999999	1.80	999999	1.60
1.60	1.90	1.60	999999	1.90	1.90	999999	1.90	1.60	999999	1.60	999999	999999	1.90	999999	1.90
1.90	2.20	1.90	999999	2.20	2.20	999999	2.20	1.90	999999	1.90	999999	999999	2.20	999999	2.20
1.70	2.00	1.70	999999	2.00	2.00	999999	2.00	1.70	999999	1.70	999999	999999	2.00	999999	2.00
999999	999999	999999	999999	999999	999999	999999	999999	999999	999999	999999	999999	999999	999999	999999	999999
1.90	2.20	1.90	999999	2.20	2.20	999999	2.20	1.90	999999	1.90	999999	999999	2.20	999999	2.20
2.10	2.40	2.10	999999	2.40	2.40	999999	2.40	2.10	999999	2.10	999999	999999	2.40	999999	2.40
999999	999999	999999	999999	999999	999999	999999	999999	999999	999999	999999	999999	999999	999999	999999	999999
1.90	2.20	1.90	999999	2.20	2.20	999999	2.20	1.90	999999	1.90	999999	999999	2.20	999999	2.20
1.70	2.00	1.70	999999	2.00	2.00	999999	2.00	1.70	999999	1.70	999999	999999	2.00	999999	2.00
999999	999999	999999	999999	999999	999999	999999	999999	999999	999999	999999	999999	999999	999999	999999	999999
1.70	2.00	1.70	999999	2.00	2.00	999999	2.00	1.70	999999	1.70	999999	999999	2.00	999999	2.00
999999	999999	999999	999999	999999	999999	999999	999999	999999	999999	999999	999999	999999	999999	999999	999999
999999	999999	999999	999999	999999	999999	999999	999999	999999	999999	999999	999999	999999	999999	999999	999999
1.90	2.20	1.90	999999	2.20	2.20	999999	2.20	1.90	999999	1.90	999999	999999	2.20	999999	2.20
999999	999999	999999	999999	999999	999999	999999	999999	999999	999999	999999	999999	999999	999999	999999	999999
1.70	2.00	1.70	999999	2.00	2.00	999999	2.00	1.70	999999	1.70	999999	999999	2.00	999999	2.00
1.60	1.90	1.60	999999	1.90	1.90	999999	1.90	1.60	999999	1.60	999999	999999	1.90	999999	1.90
1.90	2.20	1.90	999999	2.20	2.20	999999	2.20	1.90	999999	1.90	999999	999999	2.20	999999	2.20
1.70	2.00	1.70	999999	2.00	2.00	999999	2.00	1.70	999999	1.70	999999	999999	2.00	999999	2.00
999999	999999	999999	999999	999999	999999	999999	999999	999999	999999	999999	999999	999999	999999	999999	999999
1.90	2.20	1.90	999999	2.20	2.20	999999	2.20	1.90	999999	1.90	999999	999999	2.20	999999	2.20
2.10	2.40	2.10	999999	2.40	2.40	999999	2.40	2.10	999999	2.10	999999	999999	2.40	999999	2.40
999999	999999	999999	999999	999999	999999	999999	999999	999999	999999	999999	999999	999999	999999	999999	999999
1.90	2.20	1.90	999999	2.20	2.20	999999	2.20	1.90	999999	1.90	999999	999999	2.20	999999	2.20
1.70	2.00	1.70	999999	2.00	2.00	999999	2.00	1.70	999999	1.70	999999	999999	2.00	999999	2.00
999999	999999	999999	999999	999999	999999	999999	999999	999999	999999	999999	999999	999999	999999	999999	999999
1.70	2.00	1.70	999999	2.00	2.00	999999	2.00	1.70	999999	1.70	999999	999999	2.00	999999	2.00
999999	999999	999999	999999	999999	999999	999999	999999	999999	999999	999999	999999	999999	999999	999999	999999
999999	999999	999999	999999	999999	999999	999999	999999	999999	999999	999999	999999	999999	999999	999999	999999
1.90	2.20	1.90	999999	2.20	2.20	999999	2.20	1.90	999999	1.90	999999	999999	2.20	999999	2.20
999999	999999	999999	999999	999999	999999	999999	999999	999999	999999	999999	999999	999999	999999	999999	999999
1.70	2.00	1.70	999999	2.00	2.00	999999	2.00	1.70	999999	1.70	999999	999999	2.00	999999	2.00
1.40	1.50	1.40	999999	1.50	1.70	999999	1.60	1.40	999999	1.40	999999	999999	1.60	999999	1.40
1.70	1.80	1.70	999999	1.80	2.00	999999	1.90	1.70	999999	1.70	999999	999999	1.90	999999	1.70
1.50	1.60	1.50	999999	1.60	1.80	999999	1.70	1.50	999999	1.50	999999	999999	1.70	999999	1.50
999999	999999	999999	999999	999999	999999	999999	999999	999999	999999	999999	999999	999999	999999	999999	999999
1.70	1.80	1.70	999999	1.80	2.00	999999	1.90	1.70	999999	1.70	999999	999999	1.90	999999	1.70
1.90	2.00	1.90	999999	2.00	2.20	999999	2.10	1.90	999999	1.90	999999	999999	2.10	999999	1.90
999999	999999	999999	999999	999999	999999	999999	999999	999999	999999	999999	999999	999999	999999	999999	999999
1.80	1.90	1.80	999999	1.90	2.10	999999	2.00	1.80	999999	1.80	999999	999999	2.00	999999	1.80
1.50	1.60	1.50	999999	1.60	1.80	999999	1.70	1.50	999999	1.50	999999	999999	1.70	999999	1.50
999999	999999	999999	999999	999999	999999	999999	999999	999999	999999	999999	999999	999999	999999	999999	999999
1.50	1.60	1.50	999999	1.60	1.80	999999	1.70	1.50	999999	1.50	999999	999999	1.70	999999	1.50
999999	999999	999999	999999	999999	999999	999999	999999	999999	999999	999999	999999	999999	999999	999999	999999
999999	999999	999999	999999	999999	999999	999999	999999	999999	999999	999999	999999	999999	999999	999999	999999
1.80	1.90	1.80	999999	1.90	2.10	999999	2.00	1.80	999999	1.80	999999	999999	2.00	999999	1.80
999999	999999	999999	999999	999999	999999	999999	999999	999999	999999	999999	999999	999999	999999	999999	999999
1.60	1.70	1.60	999999	1.70	1.90	999999	1.80	1.60	999999	1.60	999999	999999	1.80	999999	1.60
0.90	1.20	1.00	999999	1.20	1.40	999999	1.30	1.00	999999	1.00	999999	999999	1.30	999999	1.10
1.20	1.50	1.30	999999	1.50	1.70	999999	1.60	1.30	999999	1.30	999999	999999	1.60	999999	1.40
1.00	1.30	1.10	999999	1.30	1.50	999999	1.40	1.10	999999	1.10	999999	999999	1.40	999999	1.20
999999	999999	999999	999999	999999	999999	999999	999999	999999	999999	999999	999999	999999	999999	999999	999999
1.20	1.50	1.30	999999	1.50	1.70	999999	1.60	1.30	999999	1.30	999999	999999	1.60	999999	1.40
1.40	1.70	1.50	999999	1.70	1.90	999999	1.80	1.50	999999	1.50	999999	999999	1.80	999999	1.60
999999	999999	999999	999999	999999	999999	999999	999999	999999	999999	999999	999999	999999	999999	999999	999999
1.30	1.60	1.40	999999	1.60	1.80	999999	1.70	1.40	999999	1.40	999999	999999	1.70	999999	1.50
1.00	1.30	1.10	999999	1.30	1.50	999999	1.40	1.10	999999	1.10	999999	999999	1.40	999999	1.20
999999	999999	999999	999999	999999	999999	999999	999999	999999	999999	999999	999999	999999	999999	999999	999999
1.00	1.30	1.10	999999	1.30	1.50	999999	1.40	1.10	999999	1.10	999999	999999	1.40	999999	1.20
999999	999999	999999	999999	999999	999999	999999	999999	999999	999999	999999	999999	999999	999999	999999	999999
999999	999999	999999	999999	999999	999999	999999	999999	999999	999999	999999	999999	999999	999999	999999	999999
1.30	1.60	1.40	999999	1.60	1.80	999999	1.70	1.40	999999	1.40	999999	999999	1.70	999999	1.50
999999	999999	999999	999999	999999	999999	999999	999999	999999	999999	999999	999999	999999	999999	999999	999999
1.10	1.40	1.20	999999	1.40	1.60	999999	1.50	1.20	999999	1.20	999999	999999	1.50	999999	1.30
1.00	1.30	1.10	999999	1.30	1.50	999999	1.30	1.10	999999	1.10	999999	999999	1.30	999999	1.10
1.30	1.60	1.40	999999	1.60	1.80	999999	1.60	1.40	999999	1.40	999999	999999	1.60	999999	1.40
1.10	1.40	1.20	999999	1.40	1.60	999999	1.40	1.20	999999	1.20	999999	999999	1.40	999999	1.20
999999	999999	999999	999999	999999	999999	999999	999999	999999	999999	999999	999999	999999	999999	999999	999999
1.30	1.60	1.40	999999	1.60	1.80	999999	1.60	1.40	999999	1.40	999999	999999	1.60	999999	1.40
1.50	1.80	1.60	999999	1.80	2.00	999999	1.80	1.60	999999	1.60	999999	999999	1.80	999999	1.60
999999	999999	999999	999999	999999	999999	999999	999999	999999	999999	999999	999999	999999	999999	999999	999999
1.40	1.70	1.50	999999	1.70	1.90	999999	1.70	1.50	999999	1.50	999999	999999	1.70	999999	1.50
1.10	1.40	1.20	999999	1.40	1.60	999999	1.40	1.20	999999	1.20	999999	999999	1.40	999999	1.20
999999	999999	999999	999999	999999	999999	999999	999999	999999	999999	999999	999999	999999	999999	999999	999999
1.10	1.40	1.20	999999	1.40	1.60	999999	1.40	1.20	999999	1.20	999999	999999	1.40	999999	1.20
999999	999999	999999	999999	999999	999999	999999	999999	999999	999999	999999	999999	999999	999999	999999	999999
999999	999999	999999	999999	999999	999999	999999	999999	999999	999999	999999	999999	999999	999999	999999	999999
1.40	1.70	1.50	999999	1.70	1.90	999999	1.70	1.50	999999	1.50	999999	999999	1.70	999999	1.50
999999	999999	999999	999999	999999	999999	999999	999999	999999	999999	999999	999999	999999	999999	999999	999999
1.20	1.50	1.30	999999	1.50	1.70	999999	1.50	1.30	999999	1.30	999999	999999	1.50	999999	1.30
1.30	1.50	1.40	999999	1.50	1.70	999999	1.60	1.40	999999	1.40	999999	999999	1.60	999999	1.40
1.60	1.80	1.70	999999	1.80	2.00	999999	1.90	1.70	999999	1.70	999999	999999	1.90	999999	1.70
1.40	1.60	1.50	999999	1.60	1.80	999999	1.70	1.50	999999	1.50	999999	999999	1.70	999999	1.50
999999	999999	999999	999999	999999	999999	999999	999999	999999	999999	999999	999999	999999	999999	999999	999999
1.60	1.80	1.70	999999	1.80	2.00	999999	1.90	1.70	999999	1.70	999999	999999	1.90	999999	1.70
1.80	2.00	1.90	999999	2.00	2.20	999999	2.10	1.90	999999	1.90	999999	999999	2.10	999999	1.90
999999	999999	999999	999999	999999	999999	999999	999999	999999	999999	999999	999999	999999	999999	999999	999999
1.70	1.90	1.80	999999	1.90	2.10	999999	2.00	1.80	999999	1.80	999999	999999	2.00	999999	1.80
1.40	1.60	1.50	999999	1.60	1.80	999999	1.70	1.50	999999	1.50	999999	999999	1.70	999999	1.50
999999	999999	999999	999999	999999	999999	999999	999999	999999	999999	999999	999999	999999	999999	999999	999999
1.40	1.60	1.50	999999	1.60	1.80	999999	1.70	1.50	999999	1.50	999999	999999	1.70	999999	1.50
999999	999999	999999	999999	999999	999999	999999	999999	999999	999999	999999	999999	999999	999999	999999	999999
999999	999999	999999	999999	999999	999999	999999	999999	999999	999999	999999	999999	999999	999999	999999	999999
1.70	1.90	1.80	999999	1.90	2.10	999999	2.00	1.80	999999	1.80	999999	999999	2.00	999999	1.80
999999	999999	999999	999999	999999	999999	999999	999999	999999	999999	999999	999999	999999	999999	999999	999999
1.50	1.70	1.60	999999	1.70	1.90	999999	1.80	1.60	999999	1.60	999999	999999	1.80	999999	1.60
1.50	1.80	1.50	999999	1.80	1.80	999999	1.80	1.50	999999	1.50	999999	999999	1.80	999999	1.80
1.80	2.10	1.80	999999	2.10	2.10	999999	2.10	1.80	999999	1.80	999999	999999	2.10	999999	2.10
1.60	1.90	1.60	999999	1.90	1.90	999999	1.90	1.60	999999	1.60	999999	999999	1.90	999999	1.90
999999	999999	999999	999999	999999	999999	999999	999999	999999	999999	999999	999999	999999	999999	999999	999999
1.80	2.10	1.80	999999	2.10	2.10	999999	2.10	1.80	999999	1.80	999999	999999	2.10	999999	2.10
2.00	2.30	2.00	999999	2.30	2.30	999999	2.30	2.00	999999	2.00	999999	999999	2.30	999999	2.30
999999	999999	999999	999999	999999	999999	999999	999999	999999	999999	999999	999999	999999	999999	999999	999999
1.90	2.20	1.90	999999	2.20	2.20	999999	2.20	1.90	999999	1.90	999999	999999	2.20	999999	2.20
1.60	1.90	1.60	999999	1.90	1.90	999999	1.90	1.60	999999	1.60	999999	999999	1.90	999999	1.90
999999	999999	999999	999999	999999	999999	999999	999999	999999	999999	999999	999999	999999	999999	999999	999999
1.60	1.90	1.60	999999	1.90	1.90	999999	1.90	1.60	999999	1.60	999999	999999	1.90	999999	1.90
999999	999999	999999	999999	999999	999999	999999	999999	999999	999999	999999	999999	999999	999999	999999	999999
999999	999999	999999	999999	999999	999999	999999	999999	999999	999999	999999	999999	999999	999999	999999	999999
1.90	2.20	1.90	999999	2.20	2.20	999999	2.20	1.90	999999	1.90	999999	999999	2.20	999999	2.20
999999	999999	999999	999999	999999	999999	999999	999999	999999	999999	999999	999999	999999	999999	999999	999999
1.70	2.00	1.70	999999	2.00	2.00	999999	2.00	1.70	999999	1.70	999999	999999	2.00	999999	2.00
1.50	1.80	1.50	999999	1.80	1.80	999999	1.80	1.50	999999	1.50	999999	999999	1.80	999999	1.80
1.80	2.10	1.80	999999	2.10	2.10	999999	2.10	1.80	999999	1.80	999999	999999	2.10	999999	2.10
1.60	1.90	1.60	999999	1.90	1.90	999999	1.90	1.60	999999	1.60	999999	999999	1.90	999999	1.90
999999	999999	999999	999999	999999	999999	999999	999999	999999	999999	999999	999999	999999	999999	999999	999999
1.80	2.10	1.80	999999	2.10	2.10	999999	2.10	1.80	999999	1.80	999999	999999	2.10	999999	2.10
2.00	2.30	2.00	999999	2.30	2.30	999999	2.30	2.00	999999	2.00	999999	999999	2.30	999999	2.30
999999	999999	999999	999999	999999	999999	999999	999999	999999	999999	999999	999999	999999	999999	999999	999999
1.90	2.20	1.90	999999	2.20	2.20	999999	2.20	1.90	999999	1.90	999999	999999	2.20	999999	2.20
1.60	1.90	1.60	999999	1.90	1.90	999999	1.90	1.60	999999	1.60	999999	999999	1.90	999999	1.90
999999	999999	999999	999999	999999	999999	999999	999999	999999	999999	999999	999999	999999	999999	999999	999999
1.60	1.90	1.60	999999	1.90	1.90	999999	1.90	1.60	999999	1.60	999999	999999	1.90	999999	1.90
999999	999999	999999	999999	999999	999999	999999	999999	999999	999999	999999	999999	999999	999999	999999	999999
999999	999999	999999	999999	999999	999999	999999	999999	999999	999999	999999	999999	999999	999999	999999	999999
1.90	2.20	1.90	999999	2.20	2.20	999999	2.20	1.90	999999	1.90	999999	999999	2.20	999999	2.20
999999	999999	999999	999999	999999	999999	999999	999999	999999	999999	999999	999999	999999	999999	999999	999999
1.70	2.00	1.70	999999	2.00	2.00	999999	2.00	1.70	999999	1.70	999999	999999	2.00	999999	2.00
1.90	2.00	1.90	999999	2.00	2.20	999999	2.10	1.90	999999	1.90	999999	999999	2.10	999999	1.90
2.00	2.10	2.00	999999	2.10	2.30	999999	2.20	2.00	999999	2.00	999999	999999	2.20	999999	2.00
1.90	2.00	1.90	999999	2.00	2.20	999999	2.10	1.90	999999	1.90	999999	999999	2.10	999999	1.90
999999	999999	999999	999999	999999	999999	999999	999999	999999	999999	999999	999999	999999	999999	999999	999999
2.00	2.10	2.00	999999	2.10	2.30	999999	2.20	2.00	999999	2.00	999999	999999	2.20	999999	2.00
2.20	2.30	2.20	999999	2.30	2.50	999999	2.40	2.20	999999	2.20	999999	999999	2.40	999999	2.20
999999	999999	999999	999999	999999	999999	999999	999999	999999	999999	999999	999999	999999	999999	999999	999999
2.10	2.20	2.10	999999	2.20	2.40	999999	2.30	2.10	999999	2.10	999999	999999	2.30	999999	2.10
1.90	2.00	1.90	999999	2.00	2.20	999999	2.10	1.90	999999	1.90	999999	999999	2.10	999999	1.90
999999	999999	999999	999999	999999	999999	999999	999999	999999	999999	999999	999999	999999	999999	999999	999999
1.90	2.00	1.90	999999	2.00	2.20	999999	2.10	1.90	999999	1.90	999999	999999	2.10	999999	1.90
999999	999999	999999	999999	999999	999999	999999	999999	999999	999999	999999	999999	999999	999999	999999	999999
999999	999999	999999	999999	999999	999999	999999	999999	999999	999999	999999	999999	999999	999999	999999	999999
2.10	2.20	2.10	999999	2.20	2.40	999999	2.30	2.10	999999	2.10	999999	999999	2.30	999999	2.10
999999	999999	999999	999999	999999	999999	999999	999999	999999	999999	999999	999999	999999	999999	999999	999999
1.90	2.00	1.90	999999	2.00	2.20	999999	2.10	1.90	999999	1.90	999999	999999	2.10	999999	1.90
1.40	1.70	1.50	999999	1.70	1.90	999999	1.80	1.50	999999	1.50	999999	999999	1.80	999999	1.60
1.50	1.80	1.60	999999	1.80	2.00	999999	1.90	1.60	999999	1.60	999999	999999	1.90	999999	1.70
1.40	1.70	1.50	999999	1.70	1.90	999999	1.80	1.50	999999	1.50	999999	999999	1.80	999999	1.60
999999	999999	999999	999999	999999	999999	999999	999999	999999	999999	999999	999999	999999	999999	999999	999999
1.50	1.80	1.60	999999	1.80	2.00	999999	1.90	1.60	999999	1.60	999999	999999	1.90	999999	1.70
1.70	2.00	1.80	999999	2.00	2.20	999999	2.10	1.80	999999	1.80	999999	999999	2.10	999999	1.90
999999	999999	999999	999999	999999	999999	999999	999999	999999	999999	999999	999999	999999	999999	999999	999999
1.60	1.90	1.70	999999	1.90	2.10	999999	2.00	1.70	999999	1.70	999999	999999	2.00	999999	1.80
1.40	1.70	1.50	999999	1.70	1.90	999999	1.80	1.50	999999	1.50	999999	999999	1.80	999999	1.60
999999	999999	999999	999999	999999	999999	999999	999999	999999	999999	999999	999999	999999	999999	999999	999999
1.40	1.70	1.50	999999	1.70	1.90	999999	1.80	1.50	999999	1.50	999999	999999	1.80	999999	1.60
999999	999999	999999	999999	999999	999999	999999	999999	999999	999999	999999	999999	999999	999999	999999	999999
999999	999999	999999	999999	999999	999999	999999	999999	999999	999999	999999	999999	999999	999999	999999	999999
1.60	1.90	1.70	999999	1.90	2.10	999999	2.00	1.70	999999	1.70	999999	999999	2.00	999999	1.80
999999	999999	999999	999999	999999	999999	999999	999999	999999	999999	999999	999999	999999	999999	999999	999999
1.40	1.70	1.50	999999	1.70	1.90	999999	1.80	1.50	999999	1.50	999999	999999	1.80	999999	1.60
1.50	1.80	1.60	999999	1.80	2.00	999999	1.80	1.60	999999	1.60	999999	999999	1.80	999999	1.60
1.60	1.90	1.70	999999	1.90	2.10	999999	1.90	1.70	999999	1.70	999999	999999	1.90	999999	1.70
1.50	1.80	1.60	999999	1.80	2.00	999999	1.80	1.60	999999	1.60	999999	999999	1.80	999999	1.60
999999	999999	999999	999999	999999	999999	999999	999999	999999	999999	999999	999999	999999	999999	999999	999999
1.60	1.90	1.70	999999	1.90	2.10	999999	1.90	1.70	999999	1.70	999999	999999	1.90	999999	1.70
1.80	2.10	1.90	999999	2.10	2.30	999999	2.10	1.90	999999	1.90	999999	999999	2.10	999999	1.90
999999	999999	999999	999999	999999	999999	999999	999999	999999	999999	999999	999999	999999	999999	999999	999999
1.70	2.00	1.80	999999	2.00	2.20	999999	2.00	1.80	999999	1.80	999999	999999	2.00	999999	1.80
1.50	1.80	1.60	999999	1.80	2.00	999999	1.80	1.60	999999	1.60	999999	999999	1.80	999999	1.60
999999	999999	999999	999999	999999	999999	999999	999999	999999	999999	999999	999999	999999	999999	999999	999999
1.50	1.80	1.60	999999	1.80	2.00	999999	1.80	1.60	999999	1.60	999999	999999	1.80	999999	1.60
999999	999999	999999	999999	999999	999999	999999	999999	999999	999999	999999	999999	999999	999999	999999	999999
999999	999999	999999	999999	999999	999999	999999	999999	999999	999999	999999	999999	999999	999999	999999	999999
1.70	2.00	1.80	999999	2.00	2.20	999999	2.00	1.80	999999	1.80	999999	999999	2.00	999999	1.80
999999	999999	999999	999999	999999	999999	999999	999999	999999	999999	999999	999999	999999	999999	999999	999999
1.50	1.80	1.60	999999	1.80	2.00	999999	1.80	1.60	999999	1.60	999999	999999	1.80	999999	1.60
1.80	2.00	1.90	999999	2.00	2.20	999999	2.10	1.90	999999	1.90	999999	999999	2.10	999999	1.90
1.90	2.10	2.00	999999	2.10	2.30	999999	2.20	2.00	999999	2.00	999999	999999	2.20	999999	2.00
1.80	2.00	1.90	999999	2.00	2.20	999999	2.10	1.90	999999	1.90	999999	999999	2.10	999999	1.90
999999	999999	999999	999999	999999	999999	999999	999999	999999	999999	999999	999999	999999	999999	999999	999999
1.90	2.10	2.00	999999	2.10	2.30	999999	2.20	2.00	999999	2.00	999999	999999	2.20	999999	2.00
2.10	2.30	2.20	999999	2.30	2.50	999999	2.40	2.20	999999	2.20	999999	999999	2.40	999999	2.20
999999	999999	999999	999999	999999	999999	999999	999999	999999	999999	999999	999999	999999	999999	999999	999999
2.00	2.20	2.10	999999	2.20	2.40	999999	2.30	2.10	999999	2.10	999999	999999	2.30	999999	2.10
1.80	2.00	1.90	999999	2.00	2.20	999999	2.10	1.90	999999	1.90	999999	999999	2.10	999999	1.90
999999	999999	999999	999999	999999	999999	999999	999999	999999	999999	999999	999999	999999	999999	999999	999999
1.80	2.00	1.90	999999	2.00	2.20	999999	2.10	1.90	999999	1.90	999999	999999	2.10	999999	1.90
999999	999999	999999	999999	999999	999999	999999	999999	999999	999999	999999	999999	999999	999999	999999	999999
999999	999999	999999	999999	999999	999999	999999	999999	999999	999999	999999	999999	999999	999999	999999	999999
2.00	2.20	2.10	999999	2.20	2.40	999999	2.30	2.10	999999	2.10	999999	999999	2.30	999999	2.10
999999	999999	999999	999999	999999	999999	999999	999999	999999	999999	999999	999999	999999	999999	999999	999999
1.80	2.00	1.90	999999	2.00	2.20	999999	2.10	1.90	999999	1.90	999999	999999	2.10	999999	1.90
2.00	2.30	2.00	999999	2.30	2.30	999999	2.30	2.00	999999	2.00	999999	999999	2.30	999999	2.30
2.10	2.40	2.10	999999	2.40	2.40	999999	2.40	2.10	999999	2.10	999999	999999	2.40	999999	2.40
2.00	2.30	2.00	999999	2.30	2.30	999999	2.30	2.00	999999	2.00	999999	999999	2.30	999999	2.30
999999	999999	999999	999999	999999	999999	999999	999999	999999	999999	999999	999999	999999	999999	999999	999999
2.10	2.40	2.10	999999	2.40	2.40	999999	2.40	2.10	999999	2.10	999999	999999	2.40	999999	2.40
2.30	2.60	2.30	999999	2.60	2.60	999999	2.60	2.30	999999	2.30	999999	999999	2.60	999999	2.60
999999	999999	999999	999999	999999	999999	999999	999999	999999	999999	999999	999999	999999	999999	999999	999999
2.20	2.50	2.20	999999	2.50	2.50	999999	2.50	2.20	999999	2.20	999999	999999	2.50	999999	2.50
2.00	2.30	2.00	999999	2.30	2.30	999999	2.30	2.00	999999	2.00	999999	999999	2.30	999999	2.30
999999	999999	999999	999999	999999	999999	999999	999999	999999	999999	999999	999999	999999	999999	999999	999999
2.00	2.30	2.00	999999	2.30	2.30	999999	2.30	2.00	999999	2.00	999999	999999	2.30	999999	2.30
999999	999999	999999	999999	999999	999999	999999	999999	999999	999999	999999	999999	999999	999999	999999	999999
999999	999999	999999	999999	999999	999999	999999	999999	999999	999999	999999	999999	999999	999999	999999	999999
2.20	2.50	2.20	999999	2.50	2.50	999999	2.50	2.20	999999	2.20	999999	999999	2.50	999999	2.50
999999	999999	999999	999999	999999	999999	999999	999999	999999	999999	999999	999999	999999	999999	999999	999999
2.00	2.30	2.00	999999	2.30	2.30	999999	2.30	2.00	999999	2.00	999999	999999	2.30	999999	2.30
2.00	2.30	2.00	999999	2.30	2.30	999999	2.30	2.00	999999	2.00	999999	999999	2.30	999999	2.30
2.10	2.40	2.10	999999	2.40	2.40	999999	2.40	2.10	999999	2.10	999999	999999	2.40	999999	2.40
2.00	2.30	2.00	999999	2.30	2.30	999999	2.30	2.00	999999	2.00	999999	999999	2.30	999999	2.30
999999	999999	999999	999999	999999	999999	999999	999999	999999	999999	999999	999999	999999	999999	999999	999999
2.10	2.40	2.10	999999	2.40	2.40	999999	2.40	2.10	999999	2.10	999999	999999	2.40	999999	2.40
2.30	2.60	2.30	999999	2.60	2.60	999999	2.60	2.30	999999	2.30	999999	999999	2.60	999999	2.60
999999	999999	999999	999999	999999	999999	999999	999999	999999	999999	999999	999999	999999	999999	999999	999999
2.20	2.50	2.20	999999	2.50	2.50	999999	2.50	2.20	999999	2.20	999999	999999	2.50	999999	2.50
2.00	2.30	2.00	999999	2.30	2.30	999999	2.30	2.00	999999	2.00	999999	999999	2.30	999999	2.30
999999	999999	999999	999999	999999	999999	999999	999999	999999	999999	999999	999999	999999	999999	999999	999999
2.00	2.30	2.00	999999	2.30	2.30	999999	2.30	2.00	999999	2.00	999999	999999	2.30	999999	2.30
999999	999999	999999	999999	999999	999999	999999	999999	999999	999999	999999	999999	999999	999999	999999	999999
999999	999999	999999	999999	999999	999999	999999	999999	999999	999999	999999	999999	999999	999999	999999	999999
2.20	2.50	2.20	999999	2.50	2.50	999999	2.50	2.20	999999	2.20	999999	999999	2.50	999999	2.50
999999	999999	999999	999999	999999	999999	999999	999999	999999	999999	999999	999999	999999	999999	999999	999999
2.00	2.30	2.00	999999	2.30	2.30	999999	2.30	2.00	999999	2.00	999999	999999	2.30	999999	2.30
2.00	2.10	2.00	999999	2.10	2.30	999999	2.20	2.00	999999	2.00	999999	999999	2.20	999999	2.00
2.30	2.40	2.30	999999	2.40	2.60	999999	2.50	2.30	999999	2.30	999999	999999	2.50	999999	2.30
2.00	2.10	2.00	999999	2.10	2.30	999999	2.20	2.00	999999	2.00	999999	999999	2.20	999999	2.00
999999	999999	999999	999999	999999	999999	999999	999999	999999	999999	999999	999999	999999	999999	999999	999999
2.30	2.40	2.30	999999	2.40	2.60	999999	2.50	2.30	999999	2.30	999999	999999	2.50	999999	2.30
2.30	2.40	2.30	999999	2.40	2.60	999999	2.50	2.30	999999	2.30	999999	999999	2.50	999999	2.30
999999	999999	999999	999999	999999	999999	999999	999999	999999	999999	999999	999999	999999	999999	999999	999999
2.30	2.40	2.30	999999	2.40	2.60	999999	2.50	2.30	999999	2.30	999999	999999	2.50	999999	2.30
2.00	2.10	2.00	999999	2.10	2.30	999999	2.20	2.00	999999	2.00	999999	999999	2.20	999999	2.00
999999	999999	999999	999999	999999	999999	999999	999999	999999	999999	999999	999999	999999	999999	999999	999999
2.00	2.10	2.00	999999	2.10	2.30	999999	2.20	2.00	999999	2.00	999999	999999	2.20	999999	2.00
999999	999999	999999	999999	999999	999999	999999	999999	999999	999999	999999	999999	999999	999999	999999	999999
999999	999999	999999	999999	999999	999999	999999	999999	999999	999999	999999	999999	999999	999999	999999	999999
2.30	2.40	2.30	999999	2.40	2.60	999999	2.50	2.30	999999	2.30	999999	999999	2.50	999999	2.30
999999	999999	999999	999999	999999	999999	999999	999999	999999	999999	999999	999999	999999	999999	999999	999999
2.30	2.40	2.30	999999	2.40	2.60	999999	2.50	2.30	999999	2.30	999999	999999	2.50	999999	2.30
1.50	1.80	1.60	999999	1.80	2.00	999999	1.90	1.60	999999	1.60	999999	999999	1.90	999999	1.70
1.80	2.10	1.90	999999	2.10	2.30	999999	2.20	1.90	999999	1.90	999999	999999	2.20	999999	2.00
